100
10
2 3 99 32 33 90 33 22 90 57
17
25 34 78 87 11 61 5 81 54 25 23 28 37 29 100 18 25 
9
35 59 77 39 63 56 67 9 91 
3
4 56 42 
66
61 11 38 11 54 11 38 71 95 12 76 69 67 14 78 57 82 13 7 86 51 5 12 43 30 18 89 3 94 18 9 86 53 51 35 1 9 70 47 46 63 92 100 54 20 45 80 60 39 58 81 50 6 99 80 52 85 60 23 79 61 79 71 48 7 83 
100
41 5 64 12 25 93 75 84 23 74 30 44 78 5 95 39 13 64 62 73 62 12 7 26 14 51 61 43 57 95 13 28 4 37 57 77 22 5 39 93 82 50 89 32 19 65 63 56 29 14 19 6 49 25 63 74 10 69 60 44 29 35 66 32 2 79 61 76 52 24 46 17 23 60 88 83 64 20 76 1 4 24 3 53 5 99 15 47 25 70 65 8 48 95 77 20 40 36 34 88 
48
78 14 87 25 1 7 31 22 40 11 82 47 4 88 59 2 85 52 37 13 34 33 89 98 64 69 79 66 64 72 59 79 86 92 54 82 60 79 95 97 10 12 63 93 45 43 93 6 
72
74 98 45 8 80 43 54 94 72 19 12 38 67 40 34 40 21 26 11 98 9 62 48 86 86 55 8 65 96 42 29 92 12 47 61 73 9 41 68 73 76 98 12 21 21 1 12 93 37 19 57 17 26 55 33 90 90 19 38 27 45 4 7 68 65 82 62 90 6 8 74 45 
49
72 13 58 69 94 16 34 1 45 10 95 77 11 39 83 99 78 6 14 63 55 73 23 22 94 62 67 32 22 45 86 48 62 17 42 20 84 80 85 65 77 12 73 72 5 22 61 86 80 
52
99 29 14 61 80 63 71 63 68 22 98 54 11 89 83 71 19 58 46 35 42 100 14 17 70 3 97 66 56 42 6 100 70 96 77 68 72 23 62 44 77 20 100 99 37 43 75 39 89 6 32 13 
3
43 52 99 
32
67 56 91 71 52 95 85 39 27 88 27 63 62 73 100 93 44 37 18 20 70 78 1 74 28 42 78 34 45 83 77 53 
100
28 81 80 23 15 97 69 88 68 32 89 33 79 45 41 16 60 77 16 28 57 17 12 66 85 58 9 23 56 22 50 13 72 52 89 20 94 40 9 55 47 13 22 80 9 6 65 68 1 74 52 90 39 99 33 93 48 49 98 80 55 52 59 90 89 52 79 67 61 96 64 77 72 65 5 98 93 59 57 5 69 75 26 27 13 7 79 68 32 12 45 9 82 2 100 61 97 97 98 43 
31
34 87 78 28 79 15 12 86 96 69 74 82 78 4 29 93 81 19 81 79 5 32 98 79 56 16 87 87 67 29 85 
53
2 89 89 17 17 100 69 37 25 32 97 43 46 55 44 62 13 36 100 47 53 74 86 73 10 69 11 95 75 62 52 69 68 1 47 82 2 80 42 93 70 71 95 57 39 87 13 53 44 4 2 68 49 
90
10 25 48 73 47 74 95 87 65 81 13 2 63 80 90 75 90 90 35 59 42 50 85 7 32 40 60 49 67 20 79 37 57 21 66 29 83 15 9 33 31 25 63 29 26 46 5 8 66 32 44 57 10 17 12 29 56 14 35 48 18 61 69 7 76 11 77 25 48 90 23 96 51 55 68 2 60 56 67 41 82 16 65 80 83 39 76 35 30 67 
87
1 20 59 37 95 6 71 75 68 78 16 47 11 49 97 54 65 32 70 64 4 69 97 19 95 15 71 37 78 89 20 86 92 8 92 37 35 8 39 69 20 48 88 20 80 36 99 63 46 50 89 16 98 52 95 72 89 73 13 83 78 26 84 14 24 95 86 56 61 2 82 88 59 79 46 81 45 52 3 58 56 63 60 8 59 46 91 
100
8 10 10 99 93 38 54 58 75 36 15 26 51 42 33 59 40 22 26 56 92 31 93 86 88 23 56 88 5 18 35 48 7 14 58 99 30 45 57 54 69 56 2 78 42 9 95 69 99 75 76 45 70 85 11 37 45 56 26 54 99 5 53 39 42 22 17 59 7 79 8 38 71 45 58 15 5 30 51 62 19 84 90 34 22 66 21 8 96 59 74 9 73 18 97 80 81 45 67 31 
7
98 66 23 30 35 66 74 
63
61 92 50 92 27 82 99 7 24 42 65 66 82 2 29 81 53 34 20 72 31 91 18 35 37 13 29 12 30 84 11 68 38 36 15 88 86 4 43 13 86 79 14 90 75 18 88 5 54 26 46 12 60 78 17 93 52 43 19 92 94 70 9 
32
81 45 52 89 40 46 23 57 63 60 71 16 21 100 11 88 17 11 55 68 9 84 84 76 42 13 26 23 27 53 4 64 
26
8 27 91 64 67 22 14 81 29 57 69 35 26 49 70 50 22 82 25 56 37 94 45 93 58 93 
35
61 97 98 99 21 97 45 28 4 94 13 92 83 86 3 20 31 81 12 52 45 39 4 10 42 65 51 83 4 72 37 38 25 37 72 
2
71 4 
21
54 67 60 27 55 61 46 11 17 56 85 96 25 10 34 40 27 11 3 80 74 
59
33 81 88 81 47 8 64 18 9 76 28 29 65 85 68 19 50 58 20 86 62 26 82 2 26 48 60 4 53 97 90 54 38 22 15 91 97 6 5 31 11 37 23 30 12 66 18 82 23 30 2 1 68 50 5 91 92 25 74 
91
21 77 72 38 7 100 65 81 68 58 41 55 27 77 90 74 79 71 58 20 74 51 10 9 34 3 8 67 60 13 4 14 16 17 83 37 76 58 58 13 40 47 81 52 29 35 25 69 8 28 98 86 2 21 73 86 94 82 31 32 14 24 38 7 49 5 84 32 69 84 28 73 97 13 64 68 77 64 68 83 12 52 16 84 90 78 98 40 46 70 76 
40
86 45 5 44 6 19 29 47 97 4 53 91 58 53 22 61 15 20 4 52 43 52 12 99 9 5 65 11 99 12 5 89 32 73 11 24 1 98 68 63 
58
51 57 86 48 23 15 41 6 70 64 12 53 59 16 29 16 20 74 3 92 7 46 33 59 40 79 51 91 100 13 66 66 36 74 45 59 34 100 99 35 19 88 64 66 62 54 60 87 20 62 57 39 12 49 35 60 25 34 
88
68 10 2 34 26 37 82 94 87 23 29 43 6 78 97 74 73 40 14 22 86 40 48 7 86 43 64 79 19 8 22 37 92 35 69 54 61 46 40 48 68 49 76 28 11 36 54 71 7 98 74 29 29 88 96 23 18 3 66 93 100 82 62 61 95 76 46 65 81 92 49 27 34 29 19 60 26 52 36 24 64 96 80 44 51 18 47 39 
55
56 60 57 91 11 19 92 76 52 51 89 48 79 56 83 60 38 89 58 47 63 97 59 48 17 36 46 77 84 20 89 57 56 77 67 63 34 68 58 8 80 74 61 43 18 21 64 19 41 19 58 57 77 35 74 
30
69 72 29 47 18 11 7 48 13 77 99 13 28 33 88 63 95 58 1 38 93 44 87 59 94 31 48 93 77 93 
28
20 90 18 36 57 93 65 23 59 59 16 81 85 48 10 8 17 26 48 76 53 98 10 98 60 76 80 93 
11
51 28 81 96 97 61 27 23 88 1 36 
23
55 79 53 79 87 12 79 86 25 11 36 63 98 42 78 41 92 43 43 87 65 71 60 
39
41 86 74 44 57 83 6 44 48 73 39 47 13 26 57 17 67 11 13 98 68 80 7 24 1 66 95 16 88 2 55 33 92 3 37 45 25 23 97 
62
47 42 16 28 33 88 3 100 84 8 89 36 22 5 62 31 56 16 34 16 3 42 57 34 10 55 52 67 62 42 36 53 80 51 34 48 63 75 3 53 70 55 93 82 12 44 85 59 100 93 54 53 92 25 22 65 84 71 75 35 8 71 
49
28 2 63 35 85 93 78 15 37 3 35 5 88 71 69 22 4 30 90 1 16 47 66 38 20 22 53 43 100 15 91 96 36 58 70 69 36 20 97 57 47 55 25 53 61 99 65 11 34 
6
62 1 13 73 18 25 
97
23 88 42 93 69 21 67 65 83 21 42 20 47 45 87 85 23 95 14 31 7 91 62 52 39 25 100 39 74 87 36 29 80 28 73 1 37 97 51 67 70 99 68 11 19 13 52 81 58 79 46 8 12 55 46 31 1 56 56 76 33 16 21 19 40 90 21 33 21 63 4 70 34 44 49 63 23 5 40 44 37 73 27 29 5 74 35 48 90 26 11 22 38 33 33 9 76 
13
16 49 2 12 15 65 52 61 36 21 17 66 98 
14
64 95 11 78 87 11 1 16 55 71 56 2 55 39 
21
5 83 1 76 93 95 75 70 54 20 45 25 49 65 54 12 35 26 67 40 95 
93
6 43 18 75 19 95 20 18 81 99 56 82 19 32 1 96 68 22 35 61 56 96 99 12 44 61 55 8 33 100 7 40 79 67 41 16 27 16 4 71 87 48 10 17 94 59 56 71 80 88 81 20 82 12 39 70 45 93 25 81 99 65 60 80 59 41 72 70 78 91 33 99 94 17 87 55 46 91 99 25 50 18 64 100 40 19 60 94 87 52 98 10 67 
18
20 8 89 95 4 18 21 40 9 29 49 49 7 56 24 71 90 45 
22
98 95 62 5 13 71 81 73 19 66 14 68 31 4 25 22 62 65 100 63 63 50 
59
80 55 97 2 6 23 5 81 57 39 56 89 50 32 5 35 19 36 89 38 59 20 19 6 88 74 55 79 4 12 29 62 92 45 87 66 31 91 12 65 26 57 61 26 74 37 71 94 86 80 95 86 27 17 23 4 98 27 42 
7
44 19 37 20 36 30 71 
79
64 99 94 66 9 63 31 68 5 36 12 49 13 91 51 13 52 6 62 38 37 86 61 98 8 69 24 21 36 82 53 95 35 87 56 28 66 71 90 40 67 86 79 22 85 46 62 72 10 51 66 9 75 73 57 49 83 88 52 92 36 9 3 58 99 79 59 2 70 24 61 90 77 89 83 78 60 15 33 
2
38 100 
53
21 51 54 6 91 49 25 7 70 17 83 64 5 77 43 8 81 68 66 10 53 46 70 85 24 16 40 37 68 3 13 59 53 57 19 56 70 51 45 95 31 10 76 11 64 11 3 6 64 25 37 67 26 
50
98 33 72 1 55 89 57 62 70 46 89 26 94 23 26 60 54 73 58 88 92 57 82 11 92 36 56 44 13 1 60 58 24 63 12 45 98 72 50 5 32 20 59 100 33 62 24 8 82 52 
43
70 99 22 35 13 96 65 5 9 35 52 64 97 83 94 70 22 72 1 15 82 73 15 60 6 30 95 20 56 72 66 52 52 33 58 21 11 16 54 98 48 5 60 
73
95 93 36 82 19 45 1 47 5 19 77 71 9 36 84 57 95 80 29 22 74 95 88 62 67 1 11 63 70 64 4 8 5 53 15 57 1 48 28 94 76 44 79 69 55 75 22 40 5 45 46 67 25 51 38 38 33 82 100 38 58 81 97 21 5 43 80 79 7 15 10 34 33 
70
76 81 3 31 44 60 35 61 9 7 68 98 38 18 23 6 69 96 44 58 59 47 42 94 94 71 25 45 46 64 36 4 46 1 22 24 20 2 55 63 94 2 79 37 21 97 15 39 89 56 33 97 10 51 49 20 83 97 19 34 2 7 43 97 83 33 23 70 88 74 
36
71 96 55 79 27 87 93 44 56 49 7 80 64 74 84 96 48 50 31 34 10 16 8 72 23 36 23 66 53 89 7 39 57 68 74 67 
99
43 79 79 20 57 16 81 61 11 59 6 22 54 82 57 70 29 42 70 97 9 20 55 21 71 57 90 37 79 8 51 47 99 25 11 73 9 53 13 51 52 7 4 71 44 73 53 40 49 99 78 55 90 87 3 90 14 5 8 47 82 81 56 98 65 51 64 42 89 98 95 29 62 89 4 65 84 62 1 13 92 99 99 13 18 85 37 41 70 87 5 36 56 56 13 75 90 72 87 
67
28 72 59 29 45 20 20 65 93 85 89 13 5 20 97 71 59 93 61 48 26 62 58 2 64 38 66 40 58 93 26 72 83 35 82 10 41 73 56 11 45 15 49 1 9 91 64 9 59 21 24 28 75 19 38 26 85 6 39 48 89 74 88 62 63 86 18 
100
94 12 46 24 98 4 30 95 60 6 21 91 51 93 53 54 9 97 42 5 24 13 1 55 10 70 38 91 93 70 70 59 79 24 88 74 29 71 19 21 50 77 83 29 59 70 20 4 28 29 96 85 33 51 27 49 78 53 42 64 56 2 43 79 50 86 6 51 38 49 84 66 75 12 95 20 54 88 10 52 64 75 90 60 24 55 78 82 61 29 55 33 19 3 31 84 89 69 82 21 
77
73 38 13 67 2 59 38 66 58 82 5 88 78 71 41 89 97 20 11 23 51 97 35 1 73 33 30 84 30 66 70 81 56 39 52 61 3 9 76 73 97 76 70 74 47 20 51 75 94 68 50 36 70 49 16 11 15 93 42 29 89 98 65 12 49 58 98 62 92 9 79 44 96 45 17 64 73 
72
68 52 34 79 84 72 55 86 46 41 5 4 70 19 49 48 54 76 13 40 3 78 69 77 33 31 20 16 85 71 45 63 15 74 48 23 98 6 73 76 3 71 33 65 71 17 78 14 68 74 80 43 46 53 57 67 80 74 8 65 10 78 38 22 96 46 5 47 38 19 74 20 
89
1 88 24 98 24 97 55 89 54 89 38 13 2 9 23 75 64 41 8 60 39 21 4 67 95 48 11 86 27 2 9 47 50 73 38 65 12 18 60 80 87 25 42 15 43 60 19 89 83 7 46 35 40 49 61 32 3 98 20 88 82 94 31 40 23 93 10 26 21 44 76 85 31 39 78 65 62 43 57 8 29 97 50 71 11 7 73 11 36 
79
53 90 40 42 2 46 48 99 88 96 94 4 47 64 60 96 18 41 16 77 32 67 87 16 77 64 9 67 81 72 79 90 6 2 92 25 67 56 69 77 97 22 13 13 45 30 71 31 46 20 33 7 5 18 96 71 22 47 37 56 88 31 40 72 83 2 99 88 30 82 18 23 8 54 92 48 71 37 48 
89
55 78 8 1 27 93 50 79 29 82 94 63 59 56 11 4 69 33 61 90 57 80 46 42 1 35 20 41 84 62 59 53 84 92 43 86 46 8 23 63 50 98 51 99 48 63 4 75 24 67 46 88 46 90 58 78 5 45 53 47 76 93 27 48 49 100 72 11 2 95 17 56 22 24 50 65 81 49 50 12 86 12 58 94 84 68 47 14 22 
96
82 14 64 71 25 74 15 43 36 83 36 34 14 94 84 86 69 52 70 92 2 88 41 40 36 43 23 18 22 75 71 28 37 79 59 82 85 2 85 94 75 67 79 54 18 56 28 10 20 13 25 90 100 42 16 23 26 59 76 29 14 28 45 53 84 38 69 96 19 81 11 56 5 50 56 33 55 62 19 54 57 52 52 53 100 27 88 65 42 63 50 35 42 46 50 43 
92
42 63 99 31 30 58 64 37 45 89 64 35 6 36 44 99 100 83 75 14 99 71 2 33 95 50 53 9 77 69 38 65 100 72 61 41 78 33 56 61 55 28 24 88 21 35 67 33 13 44 31 73 25 67 2 18 18 34 88 4 72 66 79 47 48 52 29 56 92 52 67 27 73 85 3 64 82 16 11 56 68 25 12 94 42 80 34 91 89 32 50 71 
95
46 68 45 73 92 3 37 17 16 61 96 19 98 11 100 70 60 31 96 69 45 60 49 97 64 60 74 20 64 77 42 16 28 10 13 91 71 98 100 69 31 5 96 64 69 2 83 76 23 81 53 75 13 98 62 11 85 50 33 82 8 12 97 8 8 74 29 75 33 80 9 3 20 65 90 9 25 82 95 62 75 44 30 71 72 94 9 43 51 30 98 67 10 18 39 
90
63 26 86 53 14 92 20 52 44 36 12 9 91 38 26 64 62 72 64 65 54 72 86 62 48 34 5 28 5 77 25 19 8 4 3 12 15 30 4 55 49 15 68 77 86 73 29 64 43 50 100 20 55 100 44 44 42 56 28 41 62 80 63 94 43 2 78 97 27 38 22 89 22 64 95 53 22 73 4 75 54 24 16 92 36 30 20 72 13 90 
41
37 40 71 17 85 45 90 5 39 75 76 54 9 95 8 73 28 40 73 75 59 44 75 24 31 48 30 2 34 11 95 90 41 27 10 67 72 65 95 54 99 
6
53 32 8 81 75 13 
22
11 21 81 16 4 19 46 2 4 49 66 96 6 99 21 64 7 37 48 76 35 49 
91
93 100 91 8 86 99 90 1 12 31 85 88 18 7 33 68 3 47 53 75 95 9 25 87 47 25 76 49 57 100 44 56 92 61 31 89 86 18 43 19 30 60 77 38 48 99 95 84 18 81 55 11 10 41 63 7 82 88 31 79 50 47 44 95 60 26 30 33 56 16 91 60 31 51 29 4 90 10 14 84 91 2 20 76 27 37 36 43 24 65 26 
95
96 76 41 51 86 90 90 18 85 15 23 48 100 87 86 38 45 12 3 1 17 7 58 59 70 77 32 85 81 83 29 16 10 63 59 7 14 41 33 77 5 87 58 79 40 44 42 47 45 19 69 2 56 47 99 100 76 49 40 30 86 66 61 41 85 33 90 48 79 68 93 93 51 6 51 84 12 95 42 93 69 61 15 57 89 74 17 94 85 58 42 82 67 2 88 
21
81 53 90 62 74 50 88 72 36 66 20 33 72 71 47 22 66 45 19 40 20 
96
42 23 12 47 27 41 67 36 63 33 37 99 83 76 83 27 53 36 12 2 84 64 27 1 27 67 95 88 84 60 44 22 45 21 45 45 75 46 95 43 51 37 65 64 90 84 13 36 3 66 38 63 91 18 45 39 44 84 21 53 46 65 14 84 86 9 82 18 39 11 15 95 67 77 51 15 61 16 60 43 36 90 46 72 93 39 20 39 68 9 15 12 77 3 5 44 
100
59 24 16 33 46 41 89 6 89 20 65 86 41 49 39 99 60 77 33 1 42 65 44 89 37 94 86 77 93 54 92 45 67 18 63 71 32 24 84 86 56 7 72 47 63 24 13 56 12 47 62 98 45 87 95 78 14 42 37 82 93 16 47 92 12 46 65 99 25 94 36 66 51 49 6 30 22 56 79 83 69 11 84 29 34 47 27 87 38 54 76 56 25 76 54 93 28 36 68 63 
76
80 25 89 2 33 14 81 30 70 48 76 41 62 70 39 66 36 4 83 62 99 20 67 54 70 55 17 33 53 36 73 15 61 96 17 53 77 89 86 98 53 25 43 58 39 5 72 37 64 83 88 57 52 3 11 76 61 53 78 100 37 71 75 68 78 56 25 36 45 66 88 43 78 76 45 68 
19
79 4 6 31 51 33 17 30 64 53 94 6 9 13 57 67 23 8 32 
62
70 37 34 74 61 3 21 45 31 20 41 18 3 44 43 99 20 66 84 56 27 19 14 12 53 70 79 68 55 16 11 34 1 61 88 8 3 6 20 77 78 25 68 95 22 98 50 81 2 87 92 95 57 74 74 16 68 46 3 31 72 71 
41
73 37 18 23 30 27 79 64 86 68 1 20 14 34 39 32 19 66 9 91 51 65 43 55 77 38 87 78 29 25 45 29 80 30 46 80 33 49 61 52 46 
81
34 62 85 78 8 65 13 11 58 17 3 71 84 1 76 72 23 10 70 42 78 88 83 93 98 26 48 33 97 13 82 89 94 42 85 6 8 29 15 29 83 64 3 44 59 31 57 41 64 24 69 31 38 63 97 1 78 12 84 16 93 19 49 28 67 28 69 46 74 71 72 45 8 74 12 27 55 99 47 45 4 
63
54 77 29 72 99 54 71 73 53 81 54 74 52 63 87 7 31 7 76 45 84 38 46 77 98 44 95 95 34 45 85 61 54 11 88 67 84 85 43 66 10 61 56 86 30 86 5 21 7 9 49 5 16 88 51 91 69 96 69 44 100 28 33 
100
77 5 45 74 9 17 44 3 15 90 67 67 69 47 52 96 6 14 93 8 16 68 33 85 71 61 64 10 10 14 87 17 34 16 1 15 21 70 72 12 74 58 60 96 53 96 46 81 11 64 40 81 59 77 47 82 63 98 64 61 95 47 71 4 46 39 89 23 21 61 9 77 92 93 1 26 19 8 14 7 48 46 54 26 10 79 64 60 39 8 25 96 37 100 21 5 73 50 39 30 
73
65 50 1 88 1 28 13 31 88 4 32 10 61 67 5 92 63 42 45 71 73 27 57 8 8 93 15 18 70 49 4 92 86 6 37 19 4 71 77 40 35 44 27 7 48 39 28 86 48 80 54 5 16 22 18 77 68 23 51 21 98 77 85 55 57 7 65 84 34 100 81 59 41 
78
83 15 63 34 29 95 46 98 91 54 10 26 24 32 71 27 18 67 10 89 80 61 37 28 77 21 61 10 55 87 62 98 49 90 38 12 88 80 34 63 44 16 97 19 59 84 1 9 2 12 63 8 34 99 50 29 57 10 11 33 65 17 83 81 57 23 86 65 87 93 78 93 20 55 43 14 38 5 
74
49 47 19 88 62 31 84 12 50 72 36 79 64 80 65 79 49 58 82 26 86 5 77 13 87 81 11 48 25 19 57 99 16 51 93 97 6 87 85 36 47 43 27 78 33 8 2 59 43 94 8 94 97 97 65 96 26 77 99 62 62 24 89 11 88 92 45 79 34 90 33 93 60 15 
18
27 67 24 92 89 52 87 53 35 56 52 80 13 72 73 39 47 35 
14
12 42 95 75 96 68 65 64 13 52 77 77 18 26 
58
74 25 31 46 50 36 4 17 62 71 15 6 25 96 7 54 89 92 21 51 88 5 79 23 4 1 75 3 80 42 19 34 8 42 45 47 83 90 37 70 91 41 10 20 72 70 92 93 12 17 67 82 39 5 65 61 71 64 
89
88 91 79 95 83 43 82 45 21 2 50 47 33 34 87 71 95 44 72 96 94 57 4 96 98 56 72 32 65 69 59 75 69 29 61 57 30 35 3 49 90 46 29 25 24 64 28 97 21 87 19 95 28 30 89 53 61 18 53 23 52 34 1 83 95 35 91 82 97 76 53 96 16 73 78 71 30 50 9 16 8 66 70 3 66 72 35 77 10 
63
5 30 6 69 63 88 32 37 13 92 37 93 9 91 85 25 90 2 67 66 62 17 10 69 22 18 82 99 95 68 100 9 55 26 80 88 40 58 30 79 49 57 39 52 34 97 28 35 65 8 15 24 46 51 37 4 82 15 11 59 44 55 41 
97
76 54 52 69 21 94 52 97 56 57 21 19 86 6 25 19 78 28 58 74 10 30 75 26 31 43 53 72 83 60 20 54 43 10 4 93 14 86 9 74 37 82 1 67 6 7 72 80 73 39 76 30 93 95 30 53 53 69 44 25 72 38 73 94 77 63 50 80 22 25 67 83 61 70 29 67 100 14 13 76 44 39 13 81 92 13 53 47 79 65 16 79 90 98 88 83 34 
96
68 85 69 24 1 84 15 33 23 33 96 74 44 49 49 31 49 84 95 48 48 61 42 19 70 62 77 50 97 74 49 69 69 2 5 29 71 57 17 97 62 43 10 88 73 28 60 63 60 32 77 25 99 34 85 64 100 38 30 29 21 7 27 87 28 25 3 43 21 98 31 100 61 15 16 58 92 97 86 96 90 88 42 30 38 92 25 39 39 10 69 31 58 74 15 65 
91
83 62 35 39 94 94 89 66 67 17 11 78 92 10 37 48 18 83 10 81 45 17 68 15 84 37 85 89 87 1 99 97 48 100 100 33 14 18 93 56 55 99 71 49 68 61 35 40 28 16 74 60 59 26 16 25 30 39 42 46 13 83 61 54 87 29 26 27 19 50 15 75 41 11 23 14 66 35 52 40 20 80 60 87 84 92 26 91 97 30 51 
10
1 95 4 66 78 54 97 57 18 87 
71
99 51 88 10 94 82 71 62 50 39 40 99 94 92 58 86 43 29 95 54 75 27 45 87 5 63 67 30 11 42 24 21 4 55 94 8 91 32 50 49 80 28 19 19 89 73 44 65 72 46 74 25 19 79 86 87 75 23 51 28 58 10 2 74 30 83 47 86 91 84 27 
75
28 73 94 41 69 37 11 6 65 99 30 27 37 37 74 87 80 74 47 95 48 57 69 45 17 44 89 39 29 58 95 82 32 88 37 80 40 50 27 33 16 13 52 57 68 96 8 83 53 4 86 96 50 8 12 31 38 77 20 27 88 61 57 89 27 98 39 16 96 94 31 47 44 80 51 
2
74 77 
61
19 96 69 57 54 81 71 91 2 31 64 33 35 2 22 22 61 45 27 52 86 43 38 40 59 5 32 32 46 26 16 12 80 74 28 7 89 4 46 11 80 97 83 40 46 18 21 74 5 18 35 18 93 39 5 42 29 83 33 86 2 
48
69 14 29 20 78 73 18 66 13 80 61 77 51 80 100 32 26 36 73 46 54 34 97 55 41 68 89 30 87 30 9 44 48 94 78 64 51 15 48 33 75 49 83 33 92 49 37 92 
